6

180 120

9

0.05 0.01 0.015

0     120   240   360   480   600
120     0   150   300   420   510
240   150     0   200   330   440
360   300   200     0   180   270
480   420   330   180     0   150
600   510   440   270   150     0

5 3
4 6
5 8
6 7
3 5
4 5

50

NP 1  1  1 150
SP 3  2  1 200
NP 5  3  2 250
SP 6  4  2 300
EP 8  5  2 350 8
SP 10 6  1 400
NP 12 7  3 450
SP 14 8  3 500
NP 16 9  4 200
SP 18 10 6 250
EP 20 11 4 300 9
SP 22 12 1 350
NP 24 13 5 400
SP 26 14 5 450
NP 28 15 6 150
SP 30 16 1 200
EP 32 17 6 250 8
SP 34 18 6 300
NP 36 19 2 350
SP 38 20 3 400
EP 40 21 1 50 9
EP 40 22 1 55 10
EP 40 23 1 60 8
EP 41 24 1 65 9
EP 42 25 1 70 7
EP 42 26 1 75 8
EP 43 27 1 80 10
EP 44 28 1 85 9
EP 45 29 1 90 8
EP 48 30 1 95 7
NP 50 31 2 300
SP 52 32 3 200
EP 54 33 4 250 10
SP 56 34 5 150
NP 58 35 6 180
EP 60 36 5 220 9
SP 62 37 4 240
NP 64 38 2 150
EP 66 39 3 250 10
SP 68 40 5 350
NP 69 41 2 300
EP 69 42 5 100 2
SP 70 43 1 220
SP 72 44 3 450
NP 73 45 4 500
NP 74 46 6 100
NP 75 47 2 120
EP 77 48 1 300 4
SP 78 49 3 85
NP 80 50 6 50

10

1  1 15
3  2 20
7  3 30
9  4 35
13 5 40
15 6 45
19 2 50
31 2 55
41 2 75