6
120 80

0.01 0.02 0.03

0   140   320   430   540   200
140   0   250   300   410   220
320  250     0   270   360   190
430  300   270     0   240   280
540  410   360   240     0   330
200  220   190   280   330     0

5 8
4 6
6 10
7 5
6 9
5 4

30

NP 1 1 2 140
SP 3 2 3 250
EP 5 3 4 270 7
NP 7 4 5 360
SP 10 5 1 220
EP 12 6 2 300 9
NP 15 7 3 140
EP 20 8 4 250 8
SP 25 9 5 430
NP 30 10 6 220
NP 31 11 2 150
SP 33 12 3 300
EP 35 13 4 450 7
NP 37 14 5 600
SP 40 15 1 150
EP 42 16 6 200 9
NP 45 17 3 300
EP 47 18 4 400 8
SP 48 19 5 500
NP 50 20 1 600
EP 51 21 5 500 7
NP 52 22 4 300
NP 53 23 2 111
SP 53 24 1 398
NP 55 25 5 30
NP 57 26 2 990
EP 58 27 4 560 9
EP 60 28 3 300 11
SP 62 29 1 120
NP 65 30 2 220
  
5

1  2  5
4  5 15
7  3 18
10 6 35
14 5 40