7

110 70

0.01 0.02 0.02

0   100   200   300   400   500   600
100   0   150   250   350   450   550
200  150     0   200   300   400   500
300  250   200     0   250   350   450
400  350   300   250     0   300   400
500  450   400   350   300     0   350
600  550   500   450   400   350     0

8 10
6 8
9 12
5 7
4 6
3 5
2 4

20

NP 2 1 2 150
SP 3 2 3 200
EP 4 3 4 300 5
NP 5 4 5 400
SP 7 5 6 500
EP 10 6 7 600 7
NP 12 7 1 100
SP 14 8 2 250
EP 16 9 3 300 9
NP 18 10 4 400
NP 19 11 3 120
SP 22 12 7 220
SP 23 13 6 355
NP 25 14 2 110
EP 27 15 1 670 3
NP 29 16 3 320
NP 30 17 5 100
SP 31 18 2 550
SP 35 19 4 430
EP 38 20 1 220 6

2

1  2 10
11 3 25