9

200 150

8

0.20 0.30 0.10

  0   100   200   300   400   500   600   700   800
100     0   120   220   330   440   550   660   770
200   120     0   180   290   400   510   620   730
300   220   180     0   200   300   420   540   650
400   330   290   200     0   150   250   380   490
500   440   400   300   150     0   160   290   400
600   550   510   420   250   160     0   140   260
700   660   620   540   380   290   140     0   120
800   770   730   650   490   400   260   120     0

10 15
12 14
14 18
10 13
8  12
11 13
9  15
13 17
15 18

40

NP 1  1  2 120
SP 4  2  3 180
EP 5  3  4 250 8
NP 7  4  6 400
SP 8  5  2 330
EP 8  6  9 550 7
NP 9  7  5 220
SP 10 8  7 300
EP 11 9  8 430 10
NP 12 10 9 360
SP 12 11 3 290
EP 12 12 1 450 8
NP 13 13 6 140
SP 15 14 5 380
EP 15 15 7 400 9
NP 17 16 8 250
SP 17 17 9 410
EP 18 18 4 290 10
NP 19 19 2 350
SP 21 20 3 500
EP 22 21 4 450 8
NP 22 22 5 120
SP 23 23 6 600
EP 25 24 7 430 9
NP 26 25 8 300
SP 27 26 9 200
EP 29 27 1 500 10
NP 30 28 2 240
SP 31 29 3 400
EP 32 30 4 150 7
NP 32 31 5 500
SP 33 32 6 180
EP 34 33 7 220 9
NP 36 34 8 600
SP 37 35 9 250
EP 38 36 1 450 8
NP 39 37 2 300
SP 43 38 3 380
EP 45 39 4 500 9
NP 50 40 5 330

10

1  2 5
4  6 10
7  5 30
10 9 35
13 6 40
16 8 45
19 2 52
22 5 60
25 8 64
28 2 70
