5

150 90

90

0.02 0.03 0.01

0   120   260   400   500
120   0   210   330   450
260  210     0   280   390
400  330   280     0   310
500  450   390   310     0

2 3
3 4
4 2
2 3
1 5

40

NP 1 1 2 120
SP 2 2 3 260
EP 3 3 4 400 6
NP 5 4 1 500
SP 8 5 2 120
EP 10 6 3 210 8
NP 12 7 4 330
EP 15 8 5 260 7
SP 20 9 1 450
NP 25 10 2 390
NP 26 11 4 600
EP 26 12 5 133 4
SP 27 13 1 456
SP 30 14 1 400
NP 32 15 5 122
EP 33 16 2 80 3
NP 33 17 4 1080
SP 35 18 3 200
SP 36 19 1 20
EP 36 20 5 500 7
NP 38 21 4 300
NP 41 22 2 111
SP 42 23 1 398
NP 42 24 5 30
NP 43 25 2 990
EP 45 26 4 560 9
EP 45 27 3 300 11
SP 46 28 1 120
NP 48 29 2 220
EP 50 30 4 90 5
SP 51 31 1 990
NP 54 32 5 100
NP 56 33 2 780
SP 60 34 3 430
SP 62 35 1 300
NP 63 36 2 468
EP 65 37 4 100 5
NP 68 38 4 444
SP 70 39 1 300
SP 75 40 3 220
 
5

1  2 12
10 2 35
7  4 38
29 2 50
17 4 55