6

120  80

  0   140   320   430   540   200
140     0   250   300   410   220
320   250     0   270   360   190
430   300   270     0   240   280
540   410   360   240     0   330
200   220   190   280   330     0

5 8
4 6
6 10
7 5
3 9
2 4

30

NP   1   1   2   140
SP   3   2   3   250
EP   5   3   4   270   7
NP   5   4   5   240
EP   7   5   6   330   9
SP   9   6   1   200
NP  11   7   3   320
EP  12   8   4   300   6
SP  14   9   5   360
NP  18  10   6   280
EP  18  11   1   540   8
SP  20  12   2   220
NP  23  13   4   430
EP  25  14   5   410  10
NP  26  15   6   190
SP  28  16   1   320
EP  29  17   2   140   5
NP  29  18   3   250
SP  29  19   4   300
EP  31  20   5   270   4
NP  33  21   6   330
SP  35  22   1   360
EP  38  23   2   240   3
NP  39  24   3   190
SP  41  25   4   280
EP  43  26   5   410   8
NP  43  27   6   220
SP  45  28   1   300
EP  48  29   2   320   9
NP  49  30   3   270

7

 6   2   3
11   5   6
14   8   4
20  11   1
21   6   1
26  14   5
27   3   4
