6

160 100

90 60

0.05 0.10 0.02

  0   100   200   400   600   800
100     0   150   300   500   700
200   150     0   250   450   650
400   300   250     0   300   500
600   500   450   300     0   200
800   700   650   500   200     0

8 10
7 9
5 6
4 5
3 4
2 3

60

NP 1  1  2 100
SP 3  2  1 150
EP 5  3  4 200 7
NP 7  4  3 250
SP 7  5  6 300
EP 8  6  2 400 8
NP 9  7  5 450
SP 10 8  3 500
EP 10 9  1 300 9
NP 10 10 6 550
SP 11 11 4 600
EP 12 12 5 200 8
NP 13 13 1 250
SP 14 14 3 300
EP 16 15 6 350 9
NP 16 16 4 400
SP 19 17 2 450
EP 22 18 5 500 6
NP 23 19 6 300
SP 25 20 1 400
NP 26 21 4 150
SP 27 22 4 200
EP 27 23 3 250 9
EP 29 24 2 300 7
NP 30 25 1 350
EP 32 26 4 400 8
SP 33 27 3 450
NP 34 28 2 500
SP 35 29 2 550
EP 37 30 1 600 7
SP 38 31 4 150
NP 39 32 5 200
SP 40 33 6 250
EP 44 34 2 300 8
NP 45 35 3 400
SP 46 36 4 450
EP 47 37 2 500 6
NP 48 38 6 300
SP 49 39 2 350
EP 50 40 3 450 7
NP 51 41 1 250
SP 52 42 5 200
EP 55 43 4 300 9
NP 56 44 1 400
SP 58 45 3 500
EP 59 46 2 550 8
NP 60 47 4 300
SP 63 48 3 450
EP 70 49 1 500 7
NP 70 50 2 350
SP 71 51 3 200
NP 72 52 4 250
EP 73 53 5 300 8
SP 74 54 1 350
NP 75 55 6 400
EP 76 56 2 450 6
SP 77 57 3 500
NP 78 58 4 550
EP 78 59 5 600 9
NP 80 60 6 150

8

1  2 12
4  3 18
10 6 22
16 4 30
19 6 35
35 3 50
30 1 45
41 1 55

// Hospitals 5 & 6 are in Rural Areas while Hospitals 1-4 are in Urban Areas.
// This shows how different the demand between Urban and Rural Areas is.